2 24
1 25
2 39
2 24
2 32
1 40
1 12
1 29
2 31
2 12
2 31
2 18
2 12
1 23
1 31
2 15
2 23
1 11
2 22
1 12
2 27
1 31
1 26
1 41
1 39
1 20
1 33
1 24
1 29
1 30
2 12
1 23
1 32
1 23
1 49
1 7
1 13
1 30
1 25
1 24
1 40
1 31
1 5
1 14
2 10
2 13
2 18
2 40
1 23
1 30
1 10
1 32
2 40
1 32
2 29
2 19
2 27
2 31
2 12
2 38
1 32
1 31
2 26
1 5
1 28
1 13
2 31
1 21
2 30
2 18
1 19
1 28
1 23
1 41
1 19
1 10
1 29
2 23
1 31
1 38
1 30
1 41
1 45
2 30
2 19
2 10
2 20
2 42
2 42
2 31
1 10
1 10
2 15
2 33
2 14
2 14
1 23
2 39
2 12
2 39
2 12
2 18
1 13
1 32
1 29
2 24
1 5
1 15
1 31
1 14
2 24
2 9
1 15
1 22
2 19
1 23
1 41
1 45
2 19
2 25
2 13
1 41
1 13
1 13
1 5
2 24
1 38
2 24
2 33
2 39
2 40
2 18
1 32
1 25
2 19
1 31
1 5
1 9
1 33
2 29
1 23
1 39
2 14
2 40
2 7
1 39
2 25
1 25
1 16
2 7
1 10
2 15
1 12
1 23
1 15
2 47
1 12
2 16
1 32
2 32
1 13
2 22
1 9
1 6
1 10
1 15
1 25
2 22
2 32
1 30
1 12
2 16
2 5
1 23
2 14
2 24
1 31
2 42
1 39
1 41
1 41
2 19
2 12
1 40
2 13
2 20
2 11
2 25
1 30
2 12
1 9
2 18
1 33
1 25
1 33
1 45
1 15
1 28
1 42
1 31
1 24
1 12
1 39
2 12
1 31
2 29
1 20
2 15
1 29
1 19
2 25
2 18
1 30
2 32
2 10
2 13
2 10
1 18
1 15
2 18
1 19
2 12
1 31
2 13
1 26
2 28
1 13
1 42
1 20
2 30
2 39
1 8
2 25
2 23
2 14
1 13
1 20
1 24
1 31
1 19
2 40
1 31
1 43
2 24
1 15
2 29
1 10
2 24
1 9
1 20
2 19
2 49
1 24
1 20
1 39
1 38
2 29
2 20
1 23
1 25
1 16
2 39
1 40
1 15
1 25
1 5
2 38
1 20
2 19
2 31
1 38
1 14
1 25
1 14
1 40
1 22
1 30
1 32
2 33
1 22
2 13
1 15
2 40
2 14
1 33
2 45
2 10
1 30
2 41
2 20
1 20
2 23
2 20
2 38
1 16
1 18
2 24
2 42
1 18
2 19
2 9
1 9
1 23
2 31
2 14
1 15
1 28
1 22
1 42
1 4
2 42
1 13
1 13
1 15
2 15
2 39
1 39
2 39
1 12
1 23
1 29
2 27
1 13
2 25
2 15
2 10
2 20
2 23
2 24
1 30
1 29
2 22
2 31
1 41
1 24
1 12
1 7
1 32
2 40
2 10
2 39
1 20
1 39
1 39
1 10
2 23
1 24
2 19
1 19
1 13
1 31
1 19
1 32
1 16
1 40
1 31
2 15
2 25
1 33
2 23
1 25
1 25
2 15
1 32
2 8
1 41
1 15
2 25
2 12
2 25
2 31
1 38
2 30
2 23
1 32
1 33
1 24
2 22
1 19
2 19
1 37
1 25
2 31
1 12
2 23
1 38
1 12
1 24
2 29
1 13
2 32
2 15
2 12
2 30
2 31
1 28
1 30
1 39
1 45
1 31
1 10
2 41
1 8
1 20
2 18
2 15
2 31
1 9
2 31
1 31
2 15
2 39
1 30
1 39
1 20
2 18
1 15
1 14
1 31
2 24
1 32
1 33
1 22
2 8
1 40
1 18
1 31
2 41
2 19
2 13
2 23
2 11
2 13
2 41
2 39
2 39
2 9
2 39
1 48
1 20
1 30
2 29
1 22
1 42
2 23
1 25
2 24
1 16
2 20
1 6
2 40
1 13
1 23
1 41
2 28
2 15
1 14
1 12
1 41
1 41
1 45
2 19
1 5
1 19
1 23
2 18
2 24
1 40
2 17
1 19
2 41
1 13
1 31
2 22
1 12
2 24
2 24
2 9
2 31
1 26
1 10
2 31
2 26
2 41
1 19
1 32
1 27
1 12
1 41
1 12
2 18
1 13
1 14
1 31
2 33
1 14
2 30
1 45
1 19
1 40
