0 1.99011e+12 1.9881e+12 1.99212e+12 0.999715
0.000479203 1.91861e+12 1.91665e+12 1.92057e+12 1.00002
0.000958405 1.71716e+12 1.71534e+12 1.71897e+12 1.00017
0.00143761 1.4215e+12 1.41991e+12 1.4231e+12 1.00009
0.00191681 1.08094e+12 1.07963e+12 1.08225e+12 0.999921
0.00239601 7.46299e+11 7.45289e+11 7.47309e+11 0.999873
0.00287522 4.58748e+11 4.58032e+11 4.59464e+11 0.999987
0.00335442 2.42444e+11 2.41985e+11 2.42903e+11 1.0001
0.00383362 1.02672e+11 1.02415e+11 1.0293e+11 1.00008
0.00431282 2.91292e+10 2.90134e+10 2.92455e+10 0.999958
0.00479203 2.48058e+09 2.4523e+09 2.50919e+09 0.9999
0.00527123 1.63741e+09 1.65712e+09 1.61794e+09 0.999971
0.00575043 9.45202e+09 9.49589e+09 9.40836e+09 1.00007
0.00622963 1.55535e+10 1.56096e+10 1.54977e+10 1.00007
0.00670884 1.62713e+10 1.63331e+10 1.62098e+10 0.999987
0.00718804 1.25693e+10 1.26303e+10 1.25086e+10 0.999932
0.00766724 7.32369e+09 7.37556e+09 7.27226e+09 0.999948
0.00814644 3.10362e+09 3.13727e+09 3.07055e+09 0.999948
0.00862565 1.06272e+09 1.07199e+09 1.05419e+09 0.999853
0.00910485 9.32588e+08 9.17192e+08 9.48823e+08 0.999734
0.00958405 1.68361e+09 1.6498e+09 1.7183e+09 0.999751
0.0100633 2.30193e+09 2.26024e+09 2.34447e+09 0.999936
0.0105425 2.27929e+09 2.24055e+09 2.3188e+09 1.00011
0.0110217 1.68419e+09 1.65569e+09 1.71335e+09 1.00006
0.0115009 9.22206e+08 9.05765e+08 9.39208e+08 0.999755
0.0119801 4.05383e+08 3.97899e+08 4.13395e+08 0.999434
0.0124593 3.23255e+08 3.19122e+08 3.27953e+08 0.999335
0.0129385 5.98009e+08 5.92061e+08 6.046e+08 0.999483
0.0134177 9.90385e+08 9.79988e+08 1.0015e+09 0.999701
0.0138969 1.25868e+09 1.24424e+09 1.27387e+09 0.99981
0.0143761 1.27616e+09 1.26019e+09 1.29283e+09 0.999798
0.0148553 1.0607e+09 1.04619e+09 1.0758e+09 0.999772
0.0153345 7.2738e+08 7.16353e+08 7.38837e+08 0.999804
0.0158137 4.09254e+08 4.02132e+08 4.1665e+08 0.999865
0.0162929 1.93591e+08 1.89412e+08 1.9793e+08 0.99989
0.0167721 9.88976e+07 9.608e+07 1.0182e+08 0.999872
0.0172513 9.05518e+07 8.77173e+07 9.34891e+07 0.999862
0.0177305 1.15e+08 1.11481e+08 1.1865e+08 0.999891
0.0182097 1.30192e+08 1.26094e+08 1.34453e+08 0.999938
0.0186889 1.19364e+08 1.15278e+08 1.23622e+08 0.999961
0.0191681 8.78393e+07 8.44378e+07 9.13952e+07 0.999935
0.0196473 5.08791e+07 4.85859e+07 5.32856e+07 0.999849
0.0201265 2.1921e+07 2.07765e+07 2.31307e+07 0.999688
0.0206057 6.71442e+06 6.42784e+06 7.02792e+06 0.99946
0.0210849 3.69112e+06 3.80769e+06 3.58316e+06 0.999227
0.0215641 7.64038e+06 7.7292e+06 7.56299e+06 0.999093
0.0220433 1.33707e+07 1.31595e+07 1.361e+07 0.999125
0.0225225 1.75799e+07 1.70033e+07 1.82039e+07 0.999293
0.0230017 1.89655e+07 1.81317e+07 1.98589e+07 0.999501
0.0234809 1.75371e+07 1.6643e+07 1.84911e+07 0.999674
0.0239601 1.39828e+07 1.32185e+07 1.4796e+07 0.999802
0.0244393 9.3488e+06 8.82772e+06 9.90199e+06 0.999905
0.0249185 4.84575e+06 4.57939e+06 5.12791e+06 0.999978
0.0253977 1.56341e+06 1.48092e+06 1.65058e+06 1
0.0258769 110240 105330 115392 0.999978
0.0263561 388496 368849 409203 0.999951
0.0268353 1.68459e+06 1.60299e+06 1.7704e+06 0.999953
0.0273145 3.04948e+06 2.90814e+06 3.19779e+06 0.999977
0.0277938 3.75109e+06 3.58424e+06 3.92579e+06 1
0.028273 3.54871e+06 3.39695e+06 3.70727e+06 1.00002
0.0287522 2.67386e+06 2.56398e+06 2.78845e+06 1.00003
0.0292314 1.58859e+06 1.5262e+06 1.65355e+06 0.999998
0.0297106 700872 675076 727731 0.999848
0.0301898 195745 189539 202254 0.999605
0.030669 33015.8 32479.5 33629.7 0.999431
0.0311482 56076.1 54379.7 57859.3 0.999503
0.0316274 114567 110923 118334 0.999801
0.0321066 131391 127634 135267 1.00005
0.0325858 102118 99759 104563 0.999972
0.033065 57157.8 56309.3 58063.3 0.999569
0.0335442 24603 24465.5 24779.2 0.999198
0.0340234 13805.8 13618 14020.8 0.99922
0.0345026 18294.6 17843.2 18763.8 0.999625
0.0349818 26346.3 25847.6 26856.8 1.00002
0.035461 29421.3 29126.4 29728.4 1.00002
0.0359402 25223.3 25165 25298.2 0.999631
0.0364194 16629 16658.9 16618.2 0.99923
0.0368986 8676.2 8651.43 8716.57 0.999184
0.0373778 5258.56 5164.78 5360.29 0.9995
0.037857 6899.12 6820.53 6979.87 0.99986
0.0383362 10738.2 10745.1 10733.5 0.999954
0.0388154 12800.4 12878.3 12729.1 0.999744
0.0392946 10988.2 11063.7 10922.8 0.999435
0.0397738 6524.92 6543.83 6515.58 0.999267
0.040253 2712.17 2686.31 2743.31 0.99934
0.0407322 2079.7 2065.45 2095.2 0.999587
0.0412114 4358.21 4396.9 4320.19 0.999837
0.0416906 6934.82 7015.5 6857.37 0.999902
0.0421698 7251.3 7326.45 7182.08 0.999698
0.042649 4961.31 4993.87 4934.83 0.99935
0.0431282 2011.92 2007.18 2020.39 0.999149
0.0436074 747.135 742.711 752.671 0.999314
0.0440866 1843.55 1871.86 1815.7 0.999737
0.0445658 3886.34 3946.19 3828.38 1.00003
0.045045 4805.15 4866.6 4747.39 0.999864
0.0455242 3742.61 3776.73 3712.52 0.999367
0.0460035 1678.64 1682.92 1677.03 0.999007
0.0464827 382.876 380.411 386.293 0.999147
0.0469619 778.283 794.509 762.429 0.999653
0.0474411 2214.1 2254.13 2175.28 1.00002
0.0479203 3199.37 3245.79 3155.38 0.999884
0.0483995 2804.72 2835.47 2776.75 0.999407
0.0488787 1426.39 1434.72 1420.01 0.999072
0.0493579 299.457 298.233 301.463 0.999185
0.0498371 316.141 324.389 308.192 0.999593
0.0503163 1267.09 1292.59 1242.38 0.99989
0.0507955 2138.05 2171.74 2106.01 0.999832
0.0512747 2093.5 2119.29 2069.67 0.999528
0.0517539 1203.42 1213.2 1195.1 0.999263
0.0522331 290.473 290.459 291.124 0.999226
0.0527123 120.072 123.845 116.531 0.999409
0.0531915 721.031 736.796 705.799 0.999671
0.0536707 1431.49 1455.39 1408.73 0.999833
0.0541499 1558.94 1579.73 1539.57 0.999741
0.0546291 1004.14 1013.96 995.434 0.999384
0.0551083 293.009 294.025 292.513 0.99899
0.0555875 44.1805 45.6944 42.8455 0.998918
0.0560667 403.742 413.243 394.591 0.999317
0.0565459 958.153 974.854 942.252 0.999863
0.0570251 1158.97 1175.34 1143.66 0.999971
0.0575043 829.559 838.695 821.293 0.999391
0.0579835 289.881 291.647 288.548 0.998567
0.0584627 21.9721 22.4774 21.6077 0.998282
0.0589419 219.691 225.268 214.343 0.998854
0.0594211 639.568 651.106 628.592 0.999748
0.0599003 860.295 872.964 848.413 1.00008
0.0603795 679.78 687.903 672.345 0.999526
0.0608587 278.551 280.781 276.685 0.998691
0.0613379 22.3298 22.4816 22.2932 0.998442
0.0618171 114.199 117.37 111.177 0.999005
0.0622963 424.535 432.424 417.04 0.999767
0.0627755 637.399 647.093 628.295 0.999975
0.0632547 553.377 560.39 546.912 0.999523
0.0637339 260.722 263.18 258.573 0.998988
0.0642131 30.6592 30.7727 30.6442 0.998933
0.0646924 55.2626 56.9899 53.6303 0.999337
0.0651716 279.301 284.637 274.239 0.999727
0.0656508 471.075 478.425 464.169 0.999752
0.06613 447.992 453.925 442.498 0.9995
0.0666092 238.855 241.364 236.612 0.999281
0.0670884 40.3061 40.5125 40.1875 0.999256
0.0675676 23.8499 24.737 23.0237 0.999358
0.0680468 181.387 184.952 178.012 0.99949
0.068526 346.98 352.509 341.784 0.99962
0.0690052 360.916 365.861 356.325 0.999679
0.0694844 215.094 217.532 212.886 0.999534
0.0699636 48.4752 48.8112 48.2199 0.999192
0.0704428 8.53126 8.95018 8.15197 0.998958
0.070922 115.689 118.034 113.474 0.999178
0.0714012 254.435 258.564 250.557 0.999744
0.0718804 289.454 293.527 285.665 1.00002
0.0723596 191.028 193.317 188.936 0.999492
0.0728388 54.232 54.6894 53.8501 0.998465
0.073318 2.40798 2.58418 2.25882 0.997948
0.0737972 71.9746 73.4882 70.5481 0.998594
0.0742764 185.494 188.554 182.622 0.999836
0.0747556 231.115 234.439 228.02 1.00031
0.0752348 167.727 169.824 165.8 0.999271
0.075714 57.5073 58.0595 57.0263 0.997523
0.0761932 1.31953 1.38626 1.27286 0.996693
0.0766724 43.2651 44.2182 42.3699 0.997586
0.0771516 134.236 136.485 132.127 0.999337
0.0776308 183.698 186.387 181.191 1.00032
0.07811 145.855 147.74 144.117 0.999797
0.0785892 58.6005 59.2162 58.0519 0.998595
0.0790684 2.77513 2.80814 2.75873 0.998076
0.0795476 24.7769 25.3577 24.2336 0.998699
0.0800268 96.2394 97.8771 94.7049 0.999685
0.080506 145.304 147.464 143.291 1.00002
0.0809852 125.779 127.448 124.236 0.999561
0.0814644 57.9339 58.5837 57.3474 0.998988
0.0819436 5.30784 5.34748 5.28346 0.998939
0.0824228 13.2167 13.5554 12.9019 0.999337
0.0829021 68.1935 69.373 67.0894 0.999663
0.0833813 114.329 116.051 112.723 0.999635
0.0838605 107.658 109.118 106.307 0.99944
0.0843397 55.9367 56.5956 55.337 0.999352
0.0848189 8.07927 8.14449 8.02915 0.999376
0.0852981 6.31229 6.49819 6.14142 0.999364
0.0857773 47.6139 48.4524 46.83 0.999337
0.0862565 89.4275 90.7913 88.1566 0.99945
0.0867357 91.5164 92.7799 90.3456 0.999669
0.0872149 52.9937 53.6421 52.4005 0.999682
0.0876941 10.6356 10.7327 10.5539 0.999317
0.0881733 2.49498 2.58856 2.41077 0.998912
0.0886525 32.6317 33.2184 32.0839 0.999016
0.0891317 69.485 70.5567 68.4868 0.999652
0.0896109 77.2895 78.3729 76.2851 1.0001
0.0900901 49.4281 50.0512 48.8559 0.99965
0.0905693 12.7559 12.8842 12.6436 0.998572
0.0910485 0.683122 0.724828 0.647377 0.998013
0.0915277 21.8377 22.2403 21.4625 0.998743
0.0920069 53.5796 54.4148 52.8018 1.00009
0.0924861 64.8617 65.7827 64.0074 1.00044
0.0929653 45.4995 46.0871 44.9585 0.998933
0.0934445 14.3579 14.513 14.2194 0.99661
0.0939237 0.133864 0.150173 0.121663 0.995523
0.0944029 14.1681 14.4377 13.9174 0.996697
0.0948821 40.9527 41.598 40.3522 0.999055
0.0953613 54.0889 54.8657 53.3682 1.00047
0.0958405 41.4096 41.9552 40.9065 0.999882
0.0963197 15.439 15.6149 15.2801 0.998225
0.0967989 0.340567 0.348266 0.336143 0.997322
0.0972781 8.81877 8.99371 8.65655 0.998002
0.0977573 30.982 31.4756 30.523 0.999434
0.0982365 44.8151 45.4653 44.2118 1.00021
0.0987157 37.3105 37.8103 36.8491 0.999809
0.0991949 16.04 16.2303 15.8668 0.998971
0.0996741 0.961512 0.970738 0.955376 0.998674
0.100153 5.18172 5.29066 5.08112 0.99912
0.100633 23.1576 23.5309 22.8107 0.999707
0.101112 36.8826 37.4227 36.3816 0.999833
0.101591 33.3133 33.7659 32.8951 0.999512
0.10207 16.2225 16.4213 16.0408 0.999199
0.102549 1.7701 1.78647 1.75701 0.999207
0.103029 2.79749 2.86165 2.73864 0.999427
0.103508 17.0624 17.341 16.8037 0.999583
0.103987 30.1391 30.5843 29.7261 0.999569
0.104466 29.4959 29.9014 29.1208 0.99948
0.104945 16.0558 16.2576 15.8707 0.999418
0.105425 2.61989 2.64604 2.59743 0.999383
0.105904 1.31934 1.35428 1.28769 0.999374
0.106383 12.3558 12.5606 12.1658 0.999467
