0 3.30329e+12 3.30409e+12 3.3025e+12 0.999278
0.000479203 3.1451e+12 3.14583e+12 3.14437e+12 0.999853
0.000958405 2.70889e+12 2.70945e+12 2.70834e+12 1.00005
0.00143761 2.09646e+12 2.09679e+12 2.09614e+12 0.999985
0.00191681 1.43876e+12 1.43887e+12 1.43866e+12 0.999991
0.00239601 8.54862e+11 8.54811e+11 8.54913e+11 1.0001
0.00287522 4.20216e+11 4.20096e+11 4.20336e+11 1.0001
0.00335442 1.54738e+11 1.54624e+11 1.54851e+11 0.999922
0.00383362 3.17573e+10 3.16936e+10 3.18212e+10 0.999816
0.00431282 2.64013e+08 2.57013e+08 2.71203e+08 0.999964
0.00479203 8.93379e+09 8.96446e+09 8.90338e+09 1.00019
0.00527123 2.23486e+10 2.23892e+10 2.23084e+10 1.00016
0.00575043 2.55245e+10 2.55529e+10 2.54966e+10 0.999895
0.00622963 1.89025e+10 1.89089e+10 1.88968e+10 0.999724
0.00670884 9.38796e+09 9.37355e+09 9.40331e+09 0.999879
0.00718804 2.88018e+09 2.85182e+09 2.90967e+09 1.00014
0.00766724 1.07566e+09 1.04074e+09 1.11177e+09 1.00013
0.00814644 2.2182e+09 2.18204e+09 2.2555e+09 0.999828
0.00862565 3.61626e+09 3.58181e+09 3.65169e+09 0.99964
0.00910485 3.70018e+09 3.66887e+09 3.73237e+09 0.999822
0.00958405 2.55974e+09 2.53206e+09 2.58828e+09 1.00011
0.0100633 1.21971e+09 1.19553e+09 1.2449e+09 1.00002
0.0105425 5.82387e+08 5.61168e+08 6.04892e+08 0.999529
0.0110217 8.30806e+08 8.12054e+08 8.51122e+08 0.999136
0.0115009 1.51265e+09 1.4964e+09 1.5306e+09 0.999283
0.0119801 2.01692e+09 2.00383e+09 2.03165e+09 0.999776
0.0124593 2.00498e+09 1.99581e+09 2.01549e+09 1.00002
0.0129385 1.53579e+09 1.53067e+09 1.54183e+09 0.99975
0.0134177 9.07343e+08 9.05292e+08 9.09909e+08 0.999385
0.0138969 4.0758e+08 4.06753e+08 4.08638e+08 0.999454
0.0143761 1.58083e+08 1.56596e+08 1.5968e+08 0.999924
0.0148553 1.11495e+08 1.08293e+08 1.14811e+08 1.00024
0.0153345 1.46716e+08 1.41955e+08 1.51646e+08 1.00004
0.0158137 1.66998e+08 1.61744e+08 1.72457e+08 0.999618
0.0162929 1.41401e+08 1.36906e+08 1.46083e+08 0.999559
0.0167721 8.91186e+07 8.61446e+07 9.2219e+07 0.999963
0.0172513 4.16433e+07 4.01868e+07 4.31596e+07 1.00031
0.0177305 1.61483e+07 1.56225e+07 1.66934e+07 1.00011
0.0182097 1.11269e+07 1.07964e+07 1.14737e+07 0.999525
0.0186889 1.59157e+07 1.52892e+07 1.65807e+07 0.999215
0.0191681 2.09279e+07 1.99188e+07 2.19995e+07 0.999585
0.0196473 2.17939e+07 2.0631e+07 2.30269e+07 1.0003
0.0201265 1.83633e+07 1.73683e+07 1.94156e+07 1.0006
0.0206057 1.23909e+07 1.17718e+07 1.30431e+07 1.00004
0.0210849 6.12213e+06 5.88287e+06 6.37264e+06 0.998846
0.0215641 1.63856e+06 1.61914e+06 1.65915e+06 0.997684
0.0220433 206571 199003 217818 0.997203
0.0225225 1.669e+06 1.53049e+06 1.82029e+06 0.997668
0.0230017 4.49921e+06 4.20452e+06 4.81472e+06 0.998852
0.0234809 6.72274e+06 6.34355e+06 7.12511e+06 1.00011
0.0239601 7.09486e+06 6.73574e+06 7.47362e+06 1.00074
0.0244393 5.66985e+06 5.40646e+06 5.9463e+06 1.00046
0.0249185 3.44505e+06 3.29672e+06 3.6001e+06 0.999731
0.0253977 1.51217e+06 1.45253e+06 1.5743e+06 0.999343
0.0258769 413361 400089 427175 0.999658
0.0263561 62498.1 62667.3 62355.9 1.00023
0.0268353 78015.9 77030.1 79046.6 1.00034
0.0273145 141976 138533 145517 0.999867
0.0277938 138446 135389 141577 0.999434
0.028273 89919.4 88664.6 91203.3 0.999635
0.0287522 44829.3 44770.7 44893.1 1.00025
0.0292314 22864.5 22988.4 22741.7 1.00051
0.0297106 19598.8 19536.5 19662.5 1.00006
0.0301898 24782.6 24668 24897.8 0.999494
0.030669 29405.4 29368 29442.9 0.999562
0.0311482 27032.9 27041.1 27025.4 1.00021
0.0316274 17355.2 17361.9 17349.3 1.00058
0.0321066 7429.92 7460.83 7399.59 1.00016
0.0325858 5102.89 5182.24 5024.83 0.999456
0.033065 10389.6 10472.1 10309.8 0.999402
0.0335442 15381.2 15404.8 15360.5 1.0001
0.0340234 13335.3 13307.5 13364.6 1.00061
0.0345026 6146.6 6134.46 6159.28 1.00018
0.0349818 1465.3 1506.88 1425.35 0.99928
0.035461 3443.28 3501.94 3388.46 0.999067
0.0359402 8335.86 8352.67 8323.56 0.999851
0.0364194 9605.22 9574.04 9639.13 1.00059
0.0368986 5691.92 5661.47 5723.04 1.0002
0.0373778 1211.33 1219.99 1203.54 0.999023
0.037857 920.95 951.94 893.013 0.998519
0.0383362 4232.55 4241.57 4228.06 0.999379
0.0388154 6530.54 6503.31 6561.27 1.00051
0.0392946 4972.25 4938.44 5007.25 1.00034
0.0397738 1543.44 1535.62 1551.6 0.998892
0.040253 171.2 185.252 158.932 0.997899
0.0407322 1945.37 1950.14 1944.2 0.998652
0.0412114 4201.55 4180.07 4226.59 1.00023
0.0416906 4061.1 4029.72 4094.19 1.00053
0.0421698 1792.18 1777.11 1807.53 0.998959
0.042649 117.65 122.149 113.956 0.997362
0.0431282 756.588 759.634 755.991 0.997783
0.0436074 2543.72 2528.22 2562.32 0.999804
0.0440866 3125.44 3098.67 3154.21 1.00091
0.0445658 1839.88 1822.18 1858.07 0.99965
0.045045 290.399 289.239 291.833 0.997605
0.0455242 211.785 214.035 210.971 0.997499
0.0460035 1428.51 1418.42 1441.02 0.999586
0.0464827 2276.83 2255.39 2300.29 1.001
0.0469619 1718.46 1700.63 1737.05 0.999192
0.0474411 485.356 480.63 490.186 0.995372
0.0479203 24.8605 26.3296 24.1069 0.993488
0.0483995 723.571 717.788 731.056 0.995634
0.0488787 1569.43 1553.27 1587.4 0.999411
0.0493579 1491.31 1474.81 1508.76 1.00062
0.0498371 623.481 616.531 630.573 0.998206
0.0503163 18.7393 19.1655 18.6008 0.995455
0.0507955 312.387 309.634 316.223 0.995932
0.0512747 1017.95 1006.54 1030.85 0.999148
0.0517539 1216.82 1202.51 1232.16 1.0013
0.0522331 685.432 677.293 693.835 1.00011
0.0527123 87.4816 86.6794 88.3714 0.997593
0.0531915 100.345 99.4061 101.9 0.997324
0.0536707 613.705 606.239 622.3 0.999667
0.0541499 938.542 926.836 951.241 1.00121
0.0546291 678.94 670.465 687.803 0.999265
0.0551083 171.365 169.348 173.421 0.995668
0.0555875 14.8154 14.6964 15.2354 0.994738
0.0560667 336.016 331.572 341.248 0.997696
0.0565459 684.625 675.583 694.548 1.00065
0.0570251 622.001 613.869 630.609 0.999102
0.0575043 240.179 237.145 243.283 0.993701
0.0579835 2.7048 2.69831 2.82965 0.990015
0.0584627 159.654 157.332 162.481 0.992218
0.0589419 470.337 463.763 477.633 0.998181
0.0594211 534.318 527.013 542.133 1.00197
0.0599003 281.935 278.201 285.802 1.00073
0.0603795 27.1335 26.8135 27.4877 0.997609
0.0608587 59.4019 58.411 60.6832 0.997293
0.0613379 301.322 296.861 306.336 0.999968
0.0618171 433.222 427.037 439.902 1.00144
0.0622963 295.283 291.207 299.554 0.999141
0.0627755 64.0156 63.1928 64.8532 0.995996
0.0632547 12.5991 12.3068 13.0362 0.99676
0.0637339 176.668 173.883 179.847 1.00108
0.0642131 332.07 327.123 337.46 1.00253
0.0646924 284.479 280.399 288.799 0.995854
0.0651716 98.9251 97.5857 100.297 0.984293
0.0656508 0.353943 0.300467 0.465378 0.977633
0.06613 91.4598 89.9032 93.2737 0.982312
0.0666092 239.982 236.251 244.083 0.994424
0.0670884 256.151 252.341 260.22 1.00366
0.0675676 124.406 122.648 126.229 1.00388
0.0680468 7.89288 7.78117 8.02101 0.998534
0.068526 38.7389 37.9999 39.6303 0.995463
0.0690052 162.263 159.626 165.189 0.997816
0.0694844 217.305 213.959 220.908 1.00157
0.0699636 137.765 135.744 139.884 1.00163
0.0704428 24.3845 24.0554 24.7197 0.998339
0.070922 10.9237 10.6573 11.2688 0.996411
0.0714012 101.122 99.3963 103.059 0.998378
0.0718804 174.197 171.422 177.207 1.00116
0.0723596 139.338 137.224 141.576 1.00012
0.0728388 42.4692 41.87 43.083 0.995229
0.073318 0.756523 0.697196 0.848815 0.991542
0.0737972 56.4782 55.454 57.6447 0.993215
0.0742764 131.782 129.609 134.155 0.998535
0.0747556 131.175 129.121 133.366 1.00199
0.0752348 57.652 56.8037 58.5319 1.0007
0.075714 1.87953 1.84226 1.92645 0.997395
0.0761932 26.7128 26.1839 27.329 0.996593
0.0766724 93.548 91.9497 95.3072 0.999076
0.0771516 116.086 114.214 118.097 1.00142
0.0776308 67.6627 66.6306 68.7449 1.0007
0.07811 9.12338 8.99618 9.25329 0.998167
0.0785892 9.32606 9.10746 9.5919 0.997312
0.0790684 61.5841 60.4894 62.7996 0.999178
0.0795476 96.9974 95.3873 98.7374 1.00105
0.0800268 71.8483 70.7173 73.0445 1.00012
0.080506 18.5884 18.3196 18.8634 0.997269
0.0809852 1.45527 1.39517 1.53639 0.995998
0.0814644 36.7831 36.097 37.5534 0.997877
0.0819436 76.5344 75.2273 77.9558 1.00041
0.0824228 70.6369 69.493 71.8554 1.00009
0.0829021 27.5832 27.1668 28.0149 0.996872
0.0833813 0.260388 0.245179 0.282263 0.99435
0.0838605 19.1049 18.7238 19.5398 0.995484
0.0843397 56.8024 55.8031 57.8959 0.999075
0.0848189 65.0915 64.0095 66.2513 1.00132
0.0852981 34.4756 33.936 35.041 1.00037
0.0857773 3.18504 3.13898 3.23255 0.998236
0.0862565 7.85239 7.67629 8.05901 0.99794
0.0867357 39.2969 38.5827 40.0841 0.999676
0.0872149 56.5603 55.5964 57.5993 1.00086
0.0876941 38.4956 37.8746 39.1518 0.99973
0.0881733 8.10997 7.99119 8.23128 0.997736
0.0886525 1.92824 1.86953 2.00148 0.997587
0.0891317 24.9133 24.4426 25.4367 0.999552
0.0896109 46.4196 45.6088 47.2982 1.00084
0.0900901 39.5245 38.8698 40.221 0.998998
0.0905693 13.4197 13.214 13.6327 0.995175
0.0910485 0.0544597 0.0429508 0.071096 0.99308
0.0915277 14.017 13.738 14.331 0.994852
0.0920069 35.9009 35.2578 36.6016 0.998691
0.0924861 37.8908 37.248 38.5785 1.001
0.0929653 18.003 17.7165 18.3029 1.00035
0.0934445 0.945243 0.930153 0.961406 0.998603
0.0939237 6.54832 6.40664 6.71084 0.998268
0.0944029 25.9893 25.5108 26.5137 0.999515
0.0948821 34.1884 33.5954 34.8262 1.00043
0.0953613 21.2075 20.8597 21.5747 0.999769
0.0958405 3.43147 3.38097 3.48293 0.998499
0.0963197 2.14045 2.08493 2.20662 0.998378
0.0967989 17.3798 17.0495 17.7444 0.999536
0.0972781 29.1263 28.61 29.6843 1.00028
0.0977573 22.765 22.382 23.1719 0.9993
0.0982365 6.53958 6.43857 6.64393 0.997387
0.0987157 0.235712 0.222577 0.253045 0.996547
0.0991949 10.4772 10.2697 10.7084 0.997619
0.0996741 23.4125 22.9883 23.8732 0.999357
0.100153 22.7028 22.3123 23.1201 0.999982
0.100633 9.53053 9.37733 9.69067 0.999202
0.101112 0.188896 0.184111 0.194687 0.998309
0.101591 5.42639 5.31214 5.55546 0.998466
0.10207 17.673 17.3451 18.0307 0.999395
0.102549 21.2534 20.8803 21.6541 0.999957
0.103029 11.9064 11.709 12.1145 0.999647
0.103508 1.35209 1.33215 1.37238 0.999083
0.103987 2.16114 2.11003 2.22033 0.999053
0.104466 12.4021 12.1659 12.6615 0.999492
0.104945 18.769 18.433 19.1314 0.999685
0.105425 13.3926 13.165 13.6343 0.999283
0.105904 3.13779 3.08929 3.18775 0.998747
0.106383 0.461814 0.446364 0.480814 0.998731
