1
-1 197.4
0 0 1 1 -107.688
0 0 2 1 -33.394
0 0 3 1 0.923725
0 0 4 1 14.7836
0 0 5 1 22.7498
0 0 6 1 27.6201
0 0 7 1 16.7793
0 0 8 1 2.96266
0 0 9 1 0.708525
0 0 10 1 0.0547247
0 0 11 1 -0.513138
0 0 12 1 0.587791
0 0 13 1 0.868353
0 0 14 1 0.948517
0 0 15 1 1.08422
0 0 16 1 1.32895
0 0 17 1 1.38134
0 0 18 1 1.98645
0 0 19 1 2.67625
0 0 20 1 5.50381
6 0 1 1 -11.811
6 0 2 1 -15.0203
6 0 3 1 -3.22471
6 0 4 1 4.78839
6 0 5 1 4.04178
6 0 6 1 4.99132
6 0 7 1 6.38084
6 0 8 1 3.11095
6 0 9 1 -1.07226
6 0 10 1 -1.12292
6 0 11 1 -0.441998
6 0 12 1 -0.517008
6 0 13 1 -0.154762
6 0 14 1 -0.077725
6 0 15 1 0.0604796
6 0 16 1 0.365188
6 0 17 1 0.597444
6 0 18 1 0.431959
6 0 19 1 -0.254149
6 0 20 1 -0.100051
10 0 1 1 12.7056
10 0 2 1 2.2913
10 0 3 1 -1.8318
10 0 4 1 -2.4134
10 0 5 1 -3.39361
10 0 6 1 -3.45451
10 0 7 1 -0.559186
10 0 8 1 0.981892
10 0 9 1 1.12273
10 0 10 1 0.740998
10 0 11 1 0.0239919
10 0 12 1 -0.194175
10 0 13 1 0.240564
10 0 14 1 0.161535
10 0 15 1 -0.235161
10 0 16 1 -1.05006
10 0 17 1 -0.375862
10 0 18 1 -0.338201
10 0 19 1 0.147414
10 0 20 1 0.0734182
12 0 1 1 -0.749865
12 0 2 1 -1.68033
12 0 3 1 -2.14905
12 0 4 1 2.59136
12 0 5 1 0.570712
12 0 6 1 -1.57543
12 0 7 1 0.211095
12 0 8 1 0.409636
12 0 9 1 -0.607884
12 0 10 1 -0.0814772
12 0 11 1 -0.125124
12 0 12 1 0.53593
12 0 13 1 -0.0687464
12 0 14 1 -0.333777
12 0 15 1 -1.54029
12 0 16 1 1.81544
12 0 17 1 -0.518459
12 0 18 1 -0.159273
12 0 19 1 0.0165057
12 0 20 1 -0.317948
15 0 1 1 -0.569698
15 0 2 1 -0.227609
15 0 3 1 0.55291
15 0 4 1 0.126848
15 0 5 1 -0.204319
15 0 6 1 -0.207586
15 0 7 1 -0.017082
15 0 8 1 -0.176373
15 0 9 1 0.0743243
15 0 10 1 -0.119399
15 0 11 1 -0.136601
15 0 12 1 0.213692
15 0 13 1 -0.113322
15 0 14 1 1.06463
15 0 15 1 -0.613755
15 0 16 1 -0.539771
15 0 17 1 0.125056
15 0 18 1 -0.100803
15 0 19 1 -0.16771
15 0 20 1 0.0928556
16 0 1 1 5.21357
16 0 2 1 1.9789
16 0 3 1 -1.60038
16 0 4 1 -1.77111
16 0 5 1 -0.828928
16 0 6 1 -0.606615
16 0 7 1 -0.188937
16 0 8 1 0.612927
16 0 9 1 0.695553
16 0 10 1 0.416345
16 0 11 1 -0.188937
16 0 12 1 0.194857
16 0 13 1 -0.840533
16 0 14 1 1.48717
16 0 15 1 -0.199287
16 0 16 1 0.0873181
16 0 17 1 0.165346
16 0 18 1 -0.113974
16 0 19 1 -0.039927
16 0 20 1 -0.0696704
18 0 1 1 -10.6331
18 0 2 1 -2.61479
18 0 3 1 3.99551
18 0 4 1 3.69799
18 0 5 1 2.59294
18 0 6 1 -0.676634
18 0 7 1 -0.297671
18 0 8 1 -0.186981
18 0 9 1 -0.750391
18 0 10 1 -0.112416
18 0 11 1 0.105304
18 0 12 1 -0.64125
18 0 13 1 1.6728
18 0 14 1 -0.980463
18 0 15 1 0.292395
18 0 16 1 -0.20679
18 0 17 1 0.139362
18 0 18 1 0.163746
18 0 19 1 -0.189968
18 0 20 1 0.316431
20 0 1 1 4.75829
20 0 2 1 -0.621501
20 0 3 1 -2.37914
20 0 4 1 -0.993047
20 0 5 1 -0.677613
20 0 6 1 -0.0700105
20 0 7 1 0.708249
20 0 8 1 0.0074891
20 0 9 1 -0.328729
20 0 10 1 0.111424
20 0 11 1 -0.344073
20 0 12 1 1.51962
20 0 13 1 -0.830916
20 0 14 1 -0.703441
20 0 15 1 -0.0898016
20 0 16 1 0.270471
20 0 17 1 0.375785
20 0 18 1 0.230511
20 0 19 1 -0.136017
20 0 20 1 -0.466212
21 0 1 1 0.881064
21 0 2 1 0.0302978
21 0 3 1 0.129926
21 0 4 1 0.373813
21 0 5 1 0.117706
21 0 6 1 -0.383252
21 0 7 1 -0.314678
21 0 8 1 -0.0111543
21 0 9 1 -0.297194
21 0 10 1 0.311537
21 0 11 1 -0.961879
21 0 12 1 1.2998
21 0 13 1 0.00468015
21 0 14 1 -0.547898
21 0 15 1 -0.00579382
21 0 16 1 -0.290144
21 0 17 1 -0.0756796
21 0 18 1 0.426412
21 0 19 1 -0.739989
21 0 20 1 -0.351688
22 0 1 1 1.99388
22 0 2 1 -0.193048
22 0 3 1 -1.04202
22 0 4 1 -0.823051
22 0 5 1 -0.703605
22 0 6 1 0.189597
22 0 7 1 -0.25083
22 0 8 1 -0.353993
22 0 9 1 -0.0055522
22 0 10 1 -0.556729
22 0 11 1 -0.511958
22 0 12 1 0.0670724
22 0 13 1 0.362025
22 0 14 1 0.197809
22 0 15 1 0.273551
22 0 16 1 0.112975
22 0 17 1 -0.504314
22 0 18 1 0.211258
22 0 19 1 -0.388425
22 0 20 1 -1.37707
24 0 1 1 0.989154
24 0 2 1 -1.3116
24 0 3 1 0.167013
24 0 4 1 -0.278528
24 0 5 1 0.732343
24 0 6 1 -0.208527
24 0 7 1 -0.261575
24 0 8 1 -0.478042
24 0 9 1 0.150329
24 0 10 1 0.631467
24 0 11 1 -0.314422
24 0 12 1 0.161352
24 0 13 1 -0.193267
24 0 14 1 0.0281931
24 0 15 1 -0.118396
24 0 16 1 0.156748
24 0 17 1 -0.1182
24 0 18 1 -0.247203
24 0 19 1 0.359326
24 0 20 1 -0.359625
25 0 1 1 -0.557318
25 0 2 1 0.202729
25 0 3 1 -0.196467
25 0 4 1 0.133186
25 0 5 1 0.291916
25 0 6 1 0.196912
25 0 7 1 -0.312492
25 0 8 1 -0.336907
25 0 9 1 -0.424849
25 0 10 1 -1.85677
25 0 11 1 0.995701
25 0 12 1 0.904371
25 0 13 1 0.553484
25 0 14 1 0.0527183
25 0 15 1 -0.0192087
25 0 16 1 0.255239
25 0 17 1 0.0367012
25 0 18 1 0.241482
25 0 19 1 -1.37473
25 0 20 1 1.00555
26 0 1 1 -0.709173
26 0 2 1 -0.706528
26 0 3 1 -0.216822
26 0 4 1 0.124311
26 0 5 1 0.597738
26 0 6 1 0.0422081
26 0 7 1 0.0801103
26 0 8 1 0.0231347
26 0 9 1 0.465975
26 0 10 1 0.196738
26 0 11 1 -0.192179
26 0 12 1 -0.393247
26 0 13 1 -0.207425
26 0 14 1 -0.00379919
26 0 15 1 0.285312
26 0 16 1 -0.270292
26 0 17 1 0.0251444
26 0 18 1 0.432775
26 0 19 1 -1.33706
26 0 20 1 0.612278
27 0 1 1 -0.364302
27 0 2 1 -0.0457333
27 0 3 1 -0.350506
27 0 4 1 0.338742
27 0 5 1 -0.175631
27 0 6 1 0.0293756
27 0 7 1 -0.10858
27 0 8 1 1.47704
27 0 9 1 -0.985422
27 0 10 1 -1.87655
27 0 11 1 0.243993
27 0 12 1 -0.0792324
27 0 13 1 -0.255612
27 0 14 1 -0.073584
27 0 15 1 0.0593975
27 0 16 1 -0.258975
27 0 17 1 -0.22519
27 0 18 1 -0.834241
27 0 19 1 -0.743267
27 0 20 1 0.661706
28 0 1 1 0.830987
28 0 2 1 0.567399
28 0 3 1 -0.207588
28 0 4 1 -0.433853
28 0 5 1 0.0293207
28 0 6 1 0.165409
28 0 7 1 -0.281436
28 0 8 1 0.902274
28 0 9 1 -3.13836
28 0 10 1 0.439241
28 0 11 1 -0.458974
28 0 12 1 -0.42659
28 0 13 1 0.048026
28 0 14 1 -0.191114
28 0 15 1 -0.141445
28 0 16 1 -0.438425
28 0 17 1 0.575955
28 0 18 1 -0.480843
28 0 19 1 -0.31092
28 0 20 1 0.25562
30 0 1 1 -0.790599
30 0 2 1 0.0150662
30 0 3 1 -0.0636084
30 0 4 1 -0.197943
30 0 5 1 -0.177708
30 0 6 1 -0.0918667
30 0 7 1 0.101366
30 0 8 1 -1.47913
30 0 9 1 1.6965
30 0 10 1 -0.16888
30 0 11 1 0.386967
30 0 12 1 0.0271646
30 0 13 1 -0.189108
30 0 14 1 0.192885
30 0 15 1 0.602137
30 0 16 1 -0.570024
30 0 17 1 -2.79994
30 0 18 1 1.56675
30 0 19 1 0.392839
30 0 20 1 0.0291786
30 1 1 1 0.216118
30 1 2 1 -1.8131
30 1 3 1 0.721073
30 1 4 1 0.465568
30 1 5 1 0.122328
30 1 6 1 -0.185517
30 1 7 1 0.124616
30 1 8 1 -0.900055
30 1 9 1 2.53295
30 1 10 1 0.457708
30 1 11 1 0.048607
30 1 12 1 0.231326
30 1 13 1 0.157736
30 1 14 1 0.00807072
30 1 15 1 0.662222
30 1 16 1 -0.691693
30 1 17 1 0.762095
30 1 18 1 0.743189
30 1 19 1 0.31853
30 1 20 1 0.358044
31 0 1 1 -0.62188
31 0 2 1 -0.495409
31 0 3 1 -0.307554
31 0 4 1 -0.043855
31 0 5 1 0.240944
31 0 6 1 -0.164556
31 0 7 1 -0.343776
31 0 8 1 0.861764
31 0 9 1 -1.08619
31 0 10 1 -0.241973
31 0 11 1 -0.0953657
31 0 12 1 0.247701
31 0 13 1 -0.0890762
31 0 14 1 -0.0166696
31 0 15 1 0.0634016
31 0 16 1 0.833238
31 0 17 1 0.464965
31 0 18 1 0.0187871
31 0 19 1 0.788827
31 0 20 1 0.229653
32 0 1 1 0.75943
32 0 2 1 -1.02558
32 0 3 1 0.0688869
32 0 4 1 -0.115918
32 0 5 1 0.354233
32 0 6 1 -0.71584
32 0 7 1 -0.451881
32 0 8 1 1.43198
32 0 9 1 -0.319838
32 0 10 1 -0.452026
32 0 11 1 0.373965
32 0 12 1 0.533719
32 0 13 1 0.346182
32 0 14 1 -0.209792
32 0 15 1 0.406828
32 0 16 1 1.56543
32 0 17 1 -1.43418
32 0 18 1 0.328878
32 0 19 1 -0.113789
32 0 20 1 0.216426
33 0 1 1 0.62339
33 0 2 1 0.478092
33 0 3 1 -0.100711
33 0 4 1 0.109297
33 0 5 1 0.220451
33 0 6 1 0.365797
33 0 7 1 0.239363
33 0 8 1 -1.49549
33 0 9 1 0.0164556
33 0 10 1 0.0252935
33 0 11 1 0.0537781
33 0 12 1 -0.115088
33 0 13 1 0.157801
33 0 14 1 -0.283878
33 0 15 1 0.400278
33 0 16 1 -1.1398
33 0 17 1 0.436308
33 0 18 1 -0.396574
33 0 19 1 0.375354
33 0 20 1 -0.66377
34 0 1 1 0.809823
34 0 2 1 0.499539
34 0 3 1 0.313363
34 0 4 1 0.39825
34 0 5 1 -0.0113344
34 0 6 1 0.916235
34 0 7 1 -2.69155
34 0 8 1 1.0942
34 0 9 1 -0.221022
34 0 10 1 -0.0683009
34 0 11 1 -0.323837
34 0 12 1 0.136312
34 0 13 1 0.0750561
34 0 14 1 -0.171644
34 0 15 1 -0.404773
34 0 16 1 -0.209834
34 0 17 1 -0.346467
34 0 18 1 -0.143179
34 0 19 1 -0.526671
34 0 20 1 -0.894149
35 0 1 1 -0.547615
35 0 2 1 -0.267798
35 0 3 1 -0.422357
35 0 4 1 0.197756
35 0 5 1 -0.549255
35 0 6 1 0.533487
35 0 7 1 1.02349
35 0 8 1 0.120774
35 0 9 1 -0.611679
35 0 10 1 -0.0299482
35 0 11 1 0.177433
35 0 12 1 -0.316472
35 0 13 1 -0.350542
35 0 14 1 0.762238
35 0 15 1 -1.45878
35 0 16 1 0.912168
35 0 17 1 0.584087
35 0 18 1 0.540901
35 0 19 1 -0.124874
35 0 20 1 0.149709
36 0 1 1 -0.443257
36 0 2 1 -0.644253
36 0 3 1 0.12015
36 0 4 1 -0.289674
36 0 5 1 0.411763
36 0 6 1 0.623641
36 0 7 1 0.0301889
36 0 8 1 -0.195336
36 0 9 1 0.0704333
36 0 10 1 -0.573559
36 0 11 1 0.0548813
36 0 12 1 -0.192519
36 0 13 1 0.164702
36 0 14 1 -1.45342
36 0 15 1 -0.73109
36 0 16 1 1.03181
36 0 17 1 -0.464678
36 0 18 1 0.150161
36 0 19 1 1.43677
36 0 20 1 -0.00655674
36 1 1 1 0.362358
36 1 2 1 0.227616
36 1 3 1 -0.0471455
36 1 4 1 0.597523
36 1 5 1 0.188533
36 1 6 1 -1.47002
36 1 7 1 0.194555
36 1 8 1 0.897362
36 1 9 1 0.325476
36 1 10 1 0.32254
36 1 11 1 0.631428
36 1 12 1 -0.177821
36 1 13 1 -0.419637
36 1 14 1 -1.6546
36 1 15 1 2.30999
36 1 16 1 -0.259173
36 1 17 1 -0.295706
36 1 18 1 0.100932
36 1 19 1 0.150205
36 1 20 1 0.990341
37 0 1 1 -0.193265
37 0 2 1 -0.112265
37 0 3 1 -0.30041
37 0 4 1 0.0612314
37 0 5 1 0.728317
37 0 6 1 -1.38185
37 0 7 1 -0.561092
37 0 8 1 0.151687
37 0 9 1 -0.309287
37 0 10 1 -0.016718
37 0 11 1 0.107048
37 0 12 1 -0.104883
37 0 13 1 -0.380806
37 0 14 1 0.00750312
37 0 15 1 -1.0263
37 0 16 1 0.303865
37 0 17 1 -0.437367
37 0 18 1 0.435259
37 0 19 1 0.0578935
37 0 20 1 0.211721
38 0 1 1 -0.064745
38 0 2 1 -0.060813
38 0 3 1 -0.558488
38 0 4 1 0.178421
38 0 5 1 0.0363093
38 0 6 1 1.57566
38 0 7 1 -0.908681
38 0 8 1 0.0143663
38 0 9 1 0.105249
38 0 10 1 -0.112503
38 0 11 1 -0.0551921
38 0 12 1 -0.0319975
38 0 13 1 0.385302
38 0 14 1 -0.112791
38 0 15 1 1.36403
38 0 16 1 -0.204959
38 0 17 1 0.267438
38 0 18 1 -0.0829846
38 0 19 1 -0.45932
38 0 20 1 0.0692166
39 0 1 1 -0.144478
39 0 2 1 0.541043
39 0 3 1 0.2621
39 0 4 1 -0.151384
39 0 5 1 0.218603
39 0 6 1 -0.523439
39 0 7 1 -0.610087
39 0 8 1 0.267882
39 0 9 1 0.205481
39 0 10 1 -0.228896
39 0 11 1 0.403035
39 0 12 1 0.162687
39 0 13 1 -0.646775
39 0 14 1 1.15917
39 0 15 1 0.6178
39 0 16 1 0.274272
39 0 17 1 -0.372131
39 0 18 1 -0.291878
39 0 19 1 1.31973
39 0 20 1 0.706578
40 0 1 1 -0.0189547
40 0 2 1 -0.295953
40 0 3 1 -0.122189
40 0 4 1 -0.934309
40 0 5 1 2.24152
40 0 6 1 -0.198242
40 0 7 1 0.220033
40 0 8 1 -0.677358
40 0 9 1 -0.265793
40 0 10 1 -0.394968
40 0 11 1 0.186977
40 0 12 1 0.753098
40 0 13 1 0.0709252
40 0 14 1 -0.850413
40 0 15 1 0.307347
40 0 16 1 -0.716504
40 0 17 1 -0.360216
40 0 18 1 -0.0732325
40 0 19 1 0.45334
40 0 20 1 0.44991
40 1 1 1 0.423696
40 1 2 1 -0.0825552
40 1 3 1 -0.515839
40 1 4 1 0.0011777
40 1 5 1 0.858296
40 1 6 1 0.469309
40 1 7 1 0.167964
40 1 8 1 0.455323
40 1 9 1 0.106165
40 1 10 1 0.409962
40 1 11 1 0.425294
40 1 12 1 0.525879
40 1 13 1 0.996537
40 1 14 1 -0.233093
40 1 15 1 -0.382315
40 1 16 1 -0.144107
40 1 17 1 -0.392542
40 1 18 1 0.113216
40 1 19 1 0.839485
40 1 20 1 1.38978
41 0 1 1 -0.0994423
41 0 2 1 0.228023
41 0 3 1 0.0511907
41 0 4 1 0.231743
41 0 5 1 0.618181
41 0 6 1 -0.646884
41 0 7 1 -0.0114783
41 0 8 1 -0.22277
41 0 9 1 0.0582274
41 0 10 1 -0.0585125
41 0 11 1 -0.0178972
41 0 12 1 0.814433
41 0 13 1 0.0819881
41 0 14 1 0.116684
41 0 15 1 -0.533731
41 0 16 1 -0.242553
41 0 17 1 -0.618216
41 0 18 1 0.0690474
41 0 19 1 -0.96821
41 0 20 1 0.352583
42 0 1 1 0.0285831
42 0 2 1 -0.16484
42 0 3 1 -0.385343
42 0 4 1 0.0981548
42 0 5 1 1.74771
42 0 6 1 0.42898
42 0 7 1 0.655459
42 0 8 1 0.431884
42 0 9 1 0.0730193
42 0 10 1 -0.270279
42 0 11 1 0.391414
42 0 12 1 0.693164
42 0 13 1 -1.22112
42 0 14 1 -0.47053
42 0 15 1 -0.117398
42 0 16 1 -0.939217
42 0 17 1 -1.11173
42 0 18 1 -0.325056
42 0 19 1 2.3462
42 0 20 1 -0.688849
42 1 1 1 0.113423
42 1 2 1 0.0222831
42 1 3 1 -0.0523036
42 1 4 1 -0.276013
42 1 5 1 1.45583
42 1 6 1 0.0470337
42 1 7 1 -0.0600385
42 1 8 1 -0.413908
42 1 9 1 0.162197
42 1 10 1 0.171072
42 1 11 1 -0.585155
42 1 12 1 1.29064
42 1 13 1 0.13633
42 1 14 1 -0.255183
42 1 15 1 -0.439675
42 1 16 1 0.244413
42 1 17 1 -0.358235
42 1 18 1 0.98057
42 1 19 1 -1.06873
42 1 20 1 0.110213
43 0 1 1 0.0368427
43 0 2 1 -0.399293
43 0 3 1 -0.00775182
43 0 4 1 -1.82746
43 0 5 1 0.927406
43 0 6 1 1.055
43 0 7 1 0.119555
43 0 8 1 0.265338
43 0 9 1 0.302109
43 0 10 1 0.122975
43 0 11 1 -0.735812
43 0 12 1 1.68727
43 0 13 1 0.757533
43 0 14 1 0.249611
43 0 15 1 -0.311895
43 0 16 1 0.621658
43 0 17 1 1.31525
43 0 18 1 1.96862
43 0 19 1 -0.627344
43 0 20 1 -0.0940216
44 0 1 1 -0.402708
44 0 2 1 0.0359483
44 0 3 1 0.166986
44 0 4 1 0.787322
44 0 5 1 -0.733319
44 0 6 1 -0.281579
44 0 7 1 -0.312367
44 0 8 1 -0.45769
44 0 9 1 -0.113454
44 0 10 1 0.192103
44 0 11 1 -1.79149
44 0 12 1 1.53483
44 0 13 1 0.309022
44 0 14 1 -0.216153
44 0 15 1 -0.528328
44 0 16 1 0.125511
44 0 17 1 0.478775
44 0 18 1 -0.770935
44 0 19 1 -0.309414
44 0 20 1 0.731256
45 0 1 1 0.521643
45 0 2 1 -0.340399
45 0 3 1 -0.357386
45 0 4 1 -0.34136
45 0 5 1 0.415829
45 0 6 1 -0.171007
45 0 7 1 -0.239429
45 0 8 1 0.339571
45 0 9 1 0.419669
45 0 10 1 -0.25377
45 0 11 1 -0.612109
45 0 12 1 -1.01445
45 0 13 1 -0.623327
45 0 14 1 -0.0572889
45 0 15 1 -0.493729
45 0 16 1 0.0824197
45 0 17 1 -0.792064
45 0 18 1 1.49518
45 0 19 1 0.148326
45 0 20 1 0.0833294
45 1 1 1 0.0226174
45 1 2 1 0.233272
45 1 3 1 1.36105
45 1 4 1 -1.17056
45 1 5 1 -0.854711
45 1 6 1 0.218382
45 1 7 1 -0.0909061
45 1 8 1 -0.129561
45 1 9 1 -0.493802
45 1 10 1 -0.363828
45 1 11 1 -0.117235
45 1 12 1 -0.0717841
45 1 13 1 -0.0955568
45 1 14 1 -0.0358133
45 1 15 1 0.133402
45 1 16 1 -0.527103
45 1 17 1 1.52967
45 1 18 1 0.444322
45 1 19 1 -1.09711
45 1 20 1 -0.053114
